 Projeto Estruturas  
 
Elemento        No inicial      No final        Mod. El (N/m2)  Largura	(m)     Altura (m)      
               1               1               2    25000000.000           0.300           0.400
               2               2               3    25000000.000           0.200           0.500
               3               3               4    25000000.000           0.300           0.400
 
No              X (m)           Y (m)                                                           
               1           0.000           0.000
               2           0.000           2.000
               3           3.000           2.000
               4           3.000           0.000
 
 
ELEMENTO 1
 
COMPRIMENTO (m) COSSENO         SENO            AREA (m2)       MINERCIA (m4)   MELASTICIDADE (N/m2)
 
       2.000E+00           0.000           1.000       1.200E-01       9.000E-04       2.500E+07
 
 MATRIZ DE RIGIDEZ LOCAL DO ELEMENTO  1
 
     1500000.000           0.000           0.000    -1500000.000           0.000           0.000
           0.000       33750.000       33750.000           0.000      -33750.000       33750.000
           0.000       33750.000       45000.000           0.000      -33750.000       22500.000
    -1500000.000           0.000           0.000     1500000.000           0.000           0.000
           0.000      -33750.000      -33750.000           0.000       33750.000      -33750.000
           0.000       33750.000       22500.000           0.000      -33750.000       45000.000
 
MATRIZ DE ROTACAO DO ELEMENTO  1
 
           0.000           1.000           0.000           0.000           0.000           0.000
          -1.000           0.000           0.000           0.000           0.000           0.000
           0.000           0.000           1.000           0.000           0.000           0.000
           0.000           0.000           0.000           0.000           1.000           0.000
           0.000           0.000           0.000          -1.000           0.000           0.000
           0.000           0.000           0.000           0.000           0.000           1.000
 
MATRIZ DE ROTACAO TRANSPOSTA DO ELEMENTO  1
 
           0.000          -1.000           0.000           0.000           0.000           0.000
           1.000           0.000           0.000           0.000           0.000           0.000
           0.000           0.000           1.000           0.000           0.000           0.000
           0.000           0.000           0.000           0.000          -1.000           0.000
           0.000           0.000           0.000           1.000           0.000           0.000
           0.000           0.000           0.000           0.000           0.000           1.000
 
MATRIZ DE RIGIDEZ GLOBAL DO ELEMENTO  1
 
       33750.000           0.000      -33750.000      -33750.000           0.000      -33750.000
           0.000     1500000.000           0.000           0.000    -1500000.000           0.000
      -33750.000           0.000       45000.000       33750.000           0.000       22500.000
      -33750.000           0.000       33750.000       33750.000           0.000       33750.000
           0.000    -1500000.000           0.000           0.000     1500000.000           0.000
      -33750.000           0.000       22500.000       33750.000           0.000       45000.000
 
 
ELEMENTO 2
 
COMPRIMENTO (m) COSSENO         SENO            AREA (m2)       MINERCIA (m4)   MELASTICIDADE (N/m2)
 
       3.000E+00           1.000           0.000       1.000E-01       3.333E-04       2.500E+07
 
 MATRIZ DE RIGIDEZ LOCAL DO ELEMENTO  2
 
      833333.333           0.000           0.000     -833333.333           0.000           0.000
           0.000        3703.704        5555.556           0.000       -3703.704        5555.556
           0.000        5555.556       11111.111           0.000       -5555.556        5555.556
     -833333.333           0.000           0.000      833333.333           0.000           0.000
           0.000       -3703.704       -5555.556           0.000        3703.704       -5555.556
           0.000        5555.556        5555.556           0.000       -5555.556       11111.111
 
MATRIZ DE ROTACAO DO ELEMENTO  2
 
           1.000           0.000           0.000           0.000           0.000           0.000
           0.000           1.000           0.000           0.000           0.000           0.000
           0.000           0.000           1.000           0.000           0.000           0.000
           0.000           0.000           0.000           1.000           0.000           0.000
           0.000           0.000           0.000           0.000           1.000           0.000
           0.000           0.000           0.000           0.000           0.000           1.000
 
MATRIZ DE ROTACAO TRANSPOSTA DO ELEMENTO  2
 
           1.000           0.000           0.000           0.000           0.000           0.000
           0.000           1.000           0.000           0.000           0.000           0.000
           0.000           0.000           1.000           0.000           0.000           0.000
           0.000           0.000           0.000           1.000           0.000           0.000
           0.000           0.000           0.000           0.000           1.000           0.000
           0.000           0.000           0.000           0.000           0.000           1.000
 
MATRIZ DE RIGIDEZ GLOBAL DO ELEMENTO  2
 
      833333.333           0.000           0.000     -833333.333           0.000           0.000
           0.000        3703.704        5555.556           0.000       -3703.704        5555.556
           0.000        5555.556       11111.111           0.000       -5555.556        5555.556
     -833333.333           0.000           0.000      833333.333           0.000           0.000
           0.000       -3703.704       -5555.556           0.000        3703.704       -5555.556
           0.000        5555.556        5555.556           0.000       -5555.556       11111.111
 
 
ELEMENTO 3
 
COMPRIMENTO (m) COSSENO         SENO            AREA (m2)       MINERCIA (m4)   MELASTICIDADE (N/m2)
 
       2.000E+00           0.000          -1.000       1.200E-01       9.000E-04       2.500E+07
 
 MATRIZ DE RIGIDEZ LOCAL DO ELEMENTO  3
 
     1500000.000           0.000           0.000    -1500000.000           0.000           0.000
           0.000       33750.000       33750.000           0.000      -33750.000       33750.000
           0.000       33750.000       45000.000           0.000      -33750.000       22500.000
    -1500000.000           0.000           0.000     1500000.000           0.000           0.000
           0.000      -33750.000      -33750.000           0.000       33750.000      -33750.000
           0.000       33750.000       22500.000           0.000      -33750.000       45000.000
 
MATRIZ DE ROTACAO DO ELEMENTO  3
 
           0.000          -1.000           0.000           0.000           0.000           0.000
           1.000           0.000           0.000           0.000           0.000           0.000
           0.000           0.000           1.000           0.000           0.000           0.000
           0.000           0.000           0.000           0.000          -1.000           0.000
           0.000           0.000           0.000           1.000           0.000           0.000
           0.000           0.000           0.000           0.000           0.000           1.000
 
MATRIZ DE ROTACAO TRANSPOSTA DO ELEMENTO  3
 
           0.000           1.000           0.000           0.000           0.000           0.000
          -1.000           0.000           0.000           0.000           0.000           0.000
           0.000           0.000           1.000           0.000           0.000           0.000
           0.000           0.000           0.000           0.000           1.000           0.000
           0.000           0.000           0.000          -1.000           0.000           0.000
           0.000           0.000           0.000           0.000           0.000           1.000
 
MATRIZ DE RIGIDEZ GLOBAL DO ELEMENTO  3
 
       33750.000           0.000       33750.000      -33750.000           0.000       33750.000
           0.000     1500000.000           0.000           0.000    -1500000.000           0.000
       33750.000           0.000       45000.000      -33750.000           0.000       22500.000
      -33750.000           0.000      -33750.000       33750.000           0.000      -33750.000
           0.000    -1500000.000           0.000           0.000     1500000.000           0.000
       33750.000           0.000       22500.000      -33750.000           0.000       45000.000
